private static readonly byte[,] TenProcentMatrix =
        {  // A  K  Q  J  T  9  8  7  6  5  4  3  2
            { 1, 1, 1, 1, 1, 1, 0, 0, 0, 0, 0, 0, 0 }, // A
            { 1, 1, 1, 1, 1, 0, 0, 0, 0, 0, 0, 0, 0 }, // K
            { 1, 1, 1, 1, 1, 0, 0, 0, 0, 0, 0, 0, 0 }, // Q
            { 1, 0, 0, 1, 0, 0, 0, 0, 0, 0, 0, 0, 0 }, // J
            { 0, 0, 0, 0, 1, 0, 0, 0, 0, 0, 0, 0, 0 }, // T
            { 0, 0, 0, 0, 0, 1, 0, 0, 0, 0, 0, 0, 0 }, // 9
            { 0, 0, 0, 0, 0, 0, 1, 0, 0, 0, 0, 0, 0 }, // 8
            { 0, 0, 0, 0, 0, 0, 0, 1, 0, 0, 0, 0, 0 }, // 7
            { 0, 0, 0, 0, 0, 0, 0, 0, 0, 0, 0, 0, 0 }, // 6
            { 0, 0, 0, 0, 0, 0, 0, 0, 0, 0, 0, 0, 0 }, // 5
            { 0, 0, 0, 0, 0, 0, 0, 0, 0, 0, 0, 0, 0 }, // 4
            { 0, 0, 0, 0, 0, 0, 0, 0, 0, 0, 0, 0, 0 }, // 3
            { 0, 0, 0, 0, 0, 0, 0, 0, 0, 0, 0, 0, 0 }, // 2
        };
		
		private static readonly byte[,] TwentyProcentMatrix =
        {  // A  K  Q  J  T  9  8  7  6  5  4  3  2
            { 1, 1, 1, 1, 1, 1, 1, 1, 1, 1, 1, 0, 0 }, // A
            { 1, 1, 1, 1, 1, 1, 1, 0, 0, 0, 0, 0, 0 }, // K
            { 1, 1, 1, 1, 1, 1, 0, 0, 0, 0, 0, 0, 0 }, // Q
            { 1, 1, 1, 1, 1, 1, 0, 0, 0, 0, 0, 0, 0 }, // J
            { 1, 1, 1, 1, 1, 1, 0, 0, 0, 0, 0, 0, 0 }, // T
            { 1, 0, 0, 0, 0, 1, 0, 0, 0, 0, 0, 0, 0 }, // 9
            { 0, 0, 0, 0, 0, 0, 1, 0, 0, 0, 0, 0, 0 }, // 8
            { 0, 0, 0, 0, 0, 0, 0, 1, 0, 0, 0, 0, 0 }, // 7
            { 0, 0, 0, 0, 0, 0, 0, 0, 1, 0, 0, 0, 0 }, // 6
            { 0, 0, 0, 0, 0, 0, 0, 0, 0, 0, 0, 0, 0 }, // 5
            { 0, 0, 0, 0, 0, 0, 0, 0, 0, 0, 0, 0, 0 }, // 4
            { 0, 0, 0, 0, 0, 0, 0, 0, 0, 0, 0, 0, 0 }, // 3
            { 0, 0, 0, 0, 0, 0, 0, 0, 0, 0, 0, 0, 0 }, // 2
        };
		
		private static readonly byte[,] ThirtyProcentMatrix =
        {  // A  K  Q  J  T  9  8  7  6  5  4  3  2
            { 1, 1, 1, 1, 1, 1, 1, 1, 1, 1, 1, 1, 1 }, // A
            { 1, 1, 1, 1, 1, 1, 1, 1, 1, 1, 0, 0, 0 }, // K
            { 1, 1, 1, 1, 1, 1, 1, 1, 0, 0, 0, 0, 0 }, // Q
            { 1, 1, 1, 1, 1, 1, 1, 0, 0, 0, 0, 0, 0 }, // J
            { 1, 1, 1, 1, 1, 1, 1, 0, 0, 0, 0, 0, 0 }, // T
            { 1, 1, 1, 1, 1, 1, 1, 0, 0, 0, 0, 0, 0 }, // 9
            { 1, 0, 0, 0, 0, 0, 1, 0, 0, 0, 0, 0, 0 }, // 8
            { 1, 0, 0, 0, 0, 0, 0, 1, 0, 0, 0, 0, 0 }, // 7
            { 0, 0, 0, 0, 0, 0, 0, 0, 1, 0, 0, 0, 0 }, // 6
            { 1, 0, 0, 0, 0, 0, 0, 0, 0, 1, 0, 0, 0 }, // 5
            { 0, 0, 0, 0, 0, 0, 0, 0, 0, 0, 0, 0, 0 }, // 4
            { 0, 0, 0, 0, 0, 0, 0, 0, 0, 0, 0, 0, 0 }, // 3
            { 0, 0, 0, 0, 0, 0, 0, 0, 0, 0, 0, 0, 0 }, // 2
        };
		
		private static readonly byte[,] FourtyProcentMatrix =
        {  // A  K  Q  J  T  9  8  7  6  5  4  3  2
            { 1, 1, 1, 1, 1, 1, 1, 1, 1, 1, 1, 1, 1 }, // A
            { 1, 1, 1, 1, 1, 1, 1, 1, 1, 1, 1, 1, 1 }, // K
            { 1, 1, 1, 1, 1, 1, 1, 1, 1, 1, 1, 0, 0 }, // Q
            { 1, 1, 1, 1, 1, 1, 1, 1, 0, 0, 0, 0, 0 }, // J
            { 1, 1, 1, 1, 1, 1, 1, 1, 0, 0, 0, 0, 0 }, // T
            { 1, 1, 1, 1, 1, 1, 1, 1, 0, 0, 0, 0, 0 }, // 9
            { 1, 1, 1, 1, 1, 0, 1, 1, 0, 0, 0, 0, 0 }, // 8
            { 1, 1, 0, 0, 0, 0, 0, 1, 0, 0, 0, 0, 0 }, // 7
            { 1, 0, 0, 0, 0, 0, 0, 0, 1, 0, 0, 0, 0 }, // 6
            { 1, 0, 0, 0, 0, 0, 0, 0, 0, 1, 0, 0, 0 }, // 5
            { 1, 0, 0, 0, 0, 0, 0, 0, 0, 0, 1, 0, 0 }, // 4
            { 1, 0, 0, 0, 0, 0, 0, 0, 0, 0, 0, 0, 0 }, // 3
            { 0, 0, 0, 0, 0, 0, 0, 0, 0, 0, 0, 0, 0 }, // 2
        };
		
		
		private static readonly byte[,] FiftyProcentMatrix =
        {  // A  K  Q  J  T  9  8  7  6  5  4  3  2
            { 1, 1, 1, 1, 1, 1, 1, 1, 1, 1, 1, 1, 1 }, // A
            { 1, 1, 1, 1, 1, 1, 1, 1, 1, 1, 1, 1, 1 }, // K
            { 1, 1, 1, 1, 1, 1, 1, 1, 1, 1, 1, 1, 1 }, // Q
            { 1, 1, 1, 1, 1, 1, 1, 1, 1, 1, 1, 0, 0 }, // J
            { 1, 1, 1, 1, 1, 1, 1, 1, 1, 0, 0, 0, 0 }, // T
            { 1, 1, 1, 1, 1, 1, 1, 1, 1, 0, 0, 0, 0 }, // 9
            { 1, 1, 1, 1, 1, 1, 1, 1, 1, 0, 0, 0, 0 }, // 8
            { 1, 1, 1, 1, 1, 0, 0, 1, 1, 0, 0, 0, 0 }, // 7
            { 1, 1, 0, 0, 0, 0, 0, 0, 1, 1, 0, 0, 0 }, // 6
            { 1, 1, 0, 0, 0, 0, 0, 0, 0, 1, 0, 0, 0 }, // 5
            { 1, 0, 0, 0, 0, 0, 0, 0, 0, 0, 1, 0, 0 }, // 4
            { 1, 0, 0, 0, 0, 0, 0, 0, 0, 0, 0, 1, 0 }, // 3
            { 1, 0, 0, 0, 0, 0, 0, 0, 0, 0, 0, 0, 0 }, // 2
        };
		
		private static readonly byte[,] SixtyProcentMatrix =
        {  // A  K  Q  J  T  9  8  7  6  5  4  3  2
            { 1, 1, 1, 1, 1, 1, 1, 1, 1, 1, 1, 1, 1 }, // A
            { 1, 1, 1, 1, 1, 1, 1, 1, 1, 1, 1, 1, 1 }, // K
            { 1, 1, 1, 1, 1, 1, 1, 1, 1, 1, 1, 1, 1 }, // Q
            { 1, 1, 1, 1, 1, 1, 1, 1, 1, 1, 1, 1, 1 }, // J
            { 1, 1, 1, 1, 1, 1, 1, 1, 1, 1, 1, 1, 0 }, // T
            { 1, 1, 1, 1, 1, 1, 1, 1, 1, 1, 0, 0, 0 }, // 9
            { 1, 1, 1, 1, 1, 1, 1, 1, 1, 1, 0, 0, 0 }, // 8
            { 1, 1, 1, 1, 1, 1, 1, 1, 1, 1, 0, 0, 0 }, // 7
            { 1, 1, 1, 0, 0, 0, 0, 0, 1, 1, 1, 0, 0 }, // 6
            { 1, 1, 1, 0, 0, 0, 0, 0, 0, 1, 1, 0, 0 }, // 5
            { 1, 1, 0, 0, 0, 0, 0, 0, 0, 0, 1, 0, 0 }, // 4
            { 1, 1, 0, 0, 0, 0, 0, 0, 0, 0, 0, 1, 0 }, // 3
            { 1, 1, 0, 0, 0, 0, 0, 0, 0, 0, 0, 0, 1 }, // 2
        };